InitCap B:0.2379794528049769 I:0.0829554664738998 O:0.6790650807211233
AllCaps B:0.2557663587587809 I:0.12893412246252559 O:0.6152995187786935
EndCap B:0.28641242292760904 I:0.1423612696962777 O:0.5712263073761132
Lowercase B:0.01838204823604166 I:0.045936127303367685 O:0.9356818244605907
SingleCap B:0.14242852708900922 I:0.07449046453081354 O:0.7830810083801772
TwoCap B:0.4085733422638982 I:0.12659075686537175 O:0.46483590087073007
ThreeCap B:0.3803059273422562 I:0.13288718929254303 O:0.4868068833652008
MoreCap B:0.3703907539900936 I:0.05888827738029719 O:0.5707209686296092
SingleDigit B:0.22188284802823594 I:0.1869951808864454 O:0.5911219710853187
TwoDigit B:0.16693591814754982 I:0.05236941303177167 O:0.7806946688206785
ThreeDigit B:0.10176492677431469 I:0.04919263987983477 O:0.8490424333458505
MoreDigit B:0.047979797979797977 I:0.02904040404040404 O:0.922979797979798
LENGTH=1 B:0.00943056026051513 I:0.10208608801127733 O:0.8884833517282076
LENGTH=2 B:0.02512904102146156 I:0.0200013583265417 O:0.9548696006519968
LENGTH=3-5 B:0.08749876799672476 I:0.04899203178189372 O:0.8635092002213816
LENGTH=6+ B:0.03034191888010988 I:0.06631658538954056 O:0.9033414957303495
MixCase B:0.18628553698173214 I:0.05810029864639491 O:0.7556141643718729